=== TIMESCAPE-WA-59: All NPZ Results ===

DH_framework: [3729.13551979 3297.14363589 2915.2059059  2584.18243476 2300.22633171
 2057.56787462 1850.12967375 1450.5869835  1170.61426121]
alpha_shortfall: 3.061068316824881e-05
alphas: [0.  0.3 0.5]
corr_factor: -0.19976555810852054
corr_needed: 0.06
corr_scan: [-0.15   -0.1485 -0.147  -0.1455 -0.144  -0.1425 -0.141  -0.1395 -0.138
 -0.1365 -0.135  -0.1335 -0.132  -0.1305 -0.129  -0.1275 -0.126  -0.1245
 -0.123  -0.1215 -0.12   -0.1185 -0.117  -0.1155 -0.114  -0.1125 -0.111
 -0.1095 -0.108  -0.1065 -0.105  -0.1035 -0.102  -0.1005 -0.099  -0.0975
 -0.096  -0.0945 -0.093  -0.0915 -0.09   -0.0885 -0.087  -0.0855 -0.084
 -0.0825 -0.081  -0.0795 -0.078  -0.0765 -0.075  -0.0735 -0.072  -0.0705
 -0.069  -0.0675 -0.066  -0.0645 -0.063  -0.0615 -0.06   -0.0585 -0.057
 -0.0555 -0.054  -0.0525 -0.051  -0.0495 -0.048  -0.0465 -0.045  -0.0435
 -0.042  -0.0405 -0.039  -0.0375 -0.036  -0.0345 -0.033  -0.0315 -0.03
 -0.0285 -0.027  -0.0255 -0.024  -0.0225 -0.021  -0.0195 -0.018  -0.0165
 -0.015  -0.0135 -0.012  -0.0105 -0.009  -0.0075 -0.006  -0.0045 -0.003
 -0.0015  0.      0.0015  0.003   0.0045  0.006   0.0075  0.009   0.0105
  0.012   0.0135  0.015   0.0165  0.018   0.0195  0.021   0.0225  0.024
  0.0255  0.027   0.0285  0.03    0.0315  0.033   0.0345  0.036   0.0375
  0.039   0.0405  0.042   0.0435  0.045   0.0465  0.048   0.0495  0.051
  0.0525  0.054   0.0555  0.057   0.0585  0.06    0.0615  0.063   0.0645
  0.066   0.0675  0.069   0.0705  0.072   0.0735  0.075   0.0765  0.078
  0.0795  0.081   0.0825  0.084   0.0855  0.087   0.0885  0.09    0.0915
  0.093   0.0945  0.096   0.0975  0.099   0.1005  0.102   0.1035  0.105
  0.1065  0.108   0.1095  0.111   0.1125  0.114   0.1155  0.117   0.1185
  0.12    0.1215  0.123   0.1245  0.126   0.1275  0.129   0.1305  0.132
  0.1335  0.135   0.1365  0.138   0.1395  0.141   0.1425  0.144   0.1455
  0.147   0.1485  0.15  ]
delta_G_over_G: -0.5256988371276856
delta_N_needed: 0.07894736842105263
delta_N_over_N: -0.2628494185638428
delta_alpha_vw: 0.032668333290818495
delta_tau_KZ: 0.03
delta_tau_eff: 0.005303300858899106
delta_tau_for_wa: 0.001592857420201978
delta_tau_per_delta_route1: 1.3160723371745061e-118
gate_detail: ['|w_a_apparent| = 0.6449 > 0.3']
gate_name: ['TIMESCAPE-WA-59']
gate_verdict: ['PASS']
shortfall: 0.300352075543501
sigma_tau: 0.005303300858899106
w0_apparent: [-2.90500092e-02 -5.95561421e-03 -5.53271821e-20]
w0_result: -0.005955614211989911
wa_apparent: [-0.95589254 -0.64489124 -0.37042986]
wa_result: -0.6448912399805642
wa_scan: [-3.08982430e-01 -2.99711292e-01 -2.90499663e-01 -2.81347711e-01
 -2.72256760e-01 -2.63224253e-01 -2.54258760e-01 -2.45357505e-01
 -2.36521567e-01 -2.27751940e-01 -2.19050059e-01 -2.10417032e-01
 -2.01853940e-01 -1.93362316e-01 -1.84943318e-01 -1.76598333e-01
 -1.68328712e-01 -1.60135803e-01 -1.52021202e-01 -1.43986137e-01
 -1.36032359e-01 -1.28161246e-01 -1.20374633e-01 -1.12673870e-01
 -1.05060956e-01 -9.75374007e-02 -9.01051551e-02 -8.27658047e-02
 -7.55213057e-02 -6.83736109e-02 -6.13248291e-02 -5.43767944e-02
 -4.75314382e-02 -4.07911991e-02 -3.41579469e-02 -2.76341341e-02
 -2.12219988e-02 -1.49237383e-02 -8.74185542e-03 -2.67896726e-03
  3.26272158e-03  9.08045929e-03  1.47714341e-02  2.03333410e-02
  2.57629960e-02  3.10578952e-02  3.62148506e-02  4.12310558e-02
  4.61033769e-02  5.08288037e-02  5.54039177e-02  5.98258617e-02
  6.40907959e-02  6.81955373e-02  7.21366541e-02  7.59104793e-02
  7.95135441e-02  8.29417869e-02  8.61916228e-02  8.92591198e-02
  9.21403141e-02  9.48313263e-02  9.73298574e-02  9.96274336e-02
  1.01721966e-01  1.03609190e-01  1.05284587e-01  1.06743747e-01
  1.07981988e-01  1.08994797e-01  1.09776898e-01  1.10323991e-01
  1.10631046e-01  1.10692922e-01  1.10504649e-01  1.10061240e-01
  1.09357130e-01  1.08387455e-01  1.07146732e-01  1.05629575e-01
  1.03830595e-01  1.01744316e-01  9.93659243e-02  9.66881054e-02
  9.37063795e-02  9.04150003e-02  8.68083106e-02  8.28806887e-02
  7.86261851e-02  7.40394333e-02  6.91144097e-02  6.38452539e-02
  5.82264764e-02  5.22522397e-02  4.59167306e-02  3.92143538e-02
  3.21392667e-02  2.46859561e-02  1.68486923e-02  8.62189490e-03
 -8.91444382e-16 -9.02249248e-03 -1.84510514e-02 -2.82910820e-02
 -3.85479871e-02 -4.92269025e-02 -6.03329637e-02 -7.18718978e-02
 -8.38483028e-02 -9.62672587e-02 -1.09133825e-01 -1.22452645e-01
 -1.36228808e-01 -1.50466700e-01 -1.65172126e-01 -1.80347095e-01
 -1.95999298e-01 -2.12131932e-01 -2.28748821e-01 -2.45850279e-01
 -2.63448114e-01 -2.81547826e-01 -3.00142429e-01 -3.19240027e-01
 -3.38853116e-01 -3.58978986e-01 -3.79622375e-01 -4.00787897e-01
 -4.22465237e-01 -4.44680113e-01 -4.67426171e-01 -4.90708492e-01
 -5.14528880e-01 -5.38891611e-01 -5.63800190e-01 -5.89257979e-01
 -6.15300778e-01 -6.41875705e-01 -6.69012121e-01 -6.96710489e-01
 -7.24978294e-01 -7.53815544e-01 -7.83227352e-01 -8.13215717e-01
 -8.43785051e-01 -8.74936420e-01 -9.06673855e-01 -9.39000148e-01
 -9.71916252e-01 -1.00542928e+00 -1.03953548e+00 -1.07424004e+00
 -1.10954553e+00 -1.14534863e+00 -1.18199330e+00 -1.21917413e+00
 -1.25679878e+00 -1.29530358e+00 -1.33434066e+00 -1.37401863e+00
 -1.41409878e+00 -1.45497940e+00 -1.49649188e+00 -1.53864534e+00
 -1.58174520e+00 -1.62526115e+00 -1.66944340e+00 -1.71428503e+00
 -1.75980306e+00 -1.80599571e+00 -1.85286485e+00 -1.90041603e+00
 -1.94865763e+00 -1.99758017e+00 -2.04718254e+00 -2.09700395e+00
 -2.14872169e+00 -2.20057889e+00 -2.25317338e+00 -2.30574163e+00
 -2.36073773e+00 -2.41477561e+00 -2.47031376e+00 -2.52805208e+00
 -2.58428590e+00 -2.64233517e+00 -2.70281141e+00 -2.76295909e+00
 -2.82305284e+00 -2.88506657e+00 -2.94706618e+00 -3.01054778e+00
 -3.07613394e+00 -3.14197078e+00 -3.20887475e+00 -3.27686714e+00
 -3.34595901e+00 -3.41546762e+00 -3.48645921e+00 -3.55869785e+00
 -3.63241483e+00]
z_DESI: [0.3 0.5 0.7 0.9 1.1 1.3 1.5 2.  2.5]

=== Key Results for W4H-1 ===

gate_name: ['TIMESCAPE-WA-59']
gate_verdict: ['PASS']
gate_detail: ['|w_a_apparent| = 0.6449 > 0.3']

delta_tau_eff: 0.005303
sigma_tau: 0.005303
delta_tau_KZ: 0.030000
delta_tau_per_delta_route1: 1.316e-118
delta_G_over_G: -5.256988e-01
delta_N_over_N: -2.628494e-01
corr_factor: -1.997656e-01

alpha=0.0: w0_app=-0.02905001, wa_app=-0.95589254
alpha=0.3: w0_app=-0.00595561, wa_app=-0.64489124
alpha=0.5: w0_app=-0.00000000, wa_app=-0.37042986

Best (alpha=0.3): w0=-0.00595561, wa=-0.64489124
|w_a_apparent| = 0.64489124

corr_needed: 0.060000
delta_N_needed: 0.078947
shortfall: 0.3x

delta_alpha_vw: 3.267e-02
alpha_shortfall: 0.0x

delta_tau_for_wa: 0.0016

=== DONE ===
