
=== s58_sa_saddle.npz ===
Keys: ['H_SA_fold', 'evals_SA_fold', 'evecs_SA_fold', 'det_SA_fold', 'H_SA_saddle', 'evals_SA_saddle', 'det_SA_saddle', 'EJ_Hessian', 'EJ_evals', 'EJ_det', 'cos_align_neg', 'cos_align_pos', 'ratio_neg', 'ratio_pos', 'tau_sweep', 'a0_spectrum', 'a2_spectrum', 'a4_spectrum', 'd2a2_fold_num', 'd2a4_fold_num', 'd2a2_fold_analytic', 'd2a4_fold_analytic', 'tau_scan', 'd2V_dtau2_scan', 'd2V_dsig2_scan', 'd2V_mixed_scan', 'eig_min_scan', 'eig_max_scan', 'det_scan', 'gate_name', 'gate_verdict', 'gate_detail']
  EJ_Hessian: shape=(2, 2), dtype=float64
    values = [[ 0.08406907  0.00071428]
 [ 0.00071428 -0.08556818]]
  EJ_det: scalar = -0.007194147094873177
  EJ_evals: shape=(2,), dtype=float64
    values = [-0.08557119  0.08407208]
  H_SA_fold: shape=(2, 2), dtype=float64
    values = [[ -63.1634032  -296.5019708 ]
 [-296.5019708  2388.96643816]]
  H_SA_saddle: shape=(2, 2), dtype=float64
    values = [[ -66.27176292 -309.80838089]
 [-309.80838089 2332.89512085]]
  a0_spectrum: shape=(50,), dtype=float64
    first 5 = [-0.03078019 -0.0286336  -0.02622718 -0.0235562  -0.02061991]
    last 5  = [-0.48786496 -0.50674377 -0.52408059 -0.5396682  -0.55338104]
    min=-5.533810e-01, max=1.743765e-02, mean=-1.620524e-01
  a2_spectrum: shape=(50,), dtype=float64
    first 5 = [9.6664669  8.92993857 8.12035386 7.2400991  6.29359057]
    last 5  = [186.39013129 192.97302297 198.99946348 204.40073107 209.13676836]
    min=-2.628998e+00, max=2.091368e+02, mean=6.562643e+01
  a4_spectrum: shape=(50,), dtype=float64
    first 5 = [-546.74606457 -518.5852588  -490.03552022 -461.80219541 -434.75059602]
    last 5  = [-13989.781747   -14388.80831769 -14751.94999771 -15075.47713763
 -15357.40864434]
    min=-1.535741e+04, max=-3.630918e+02, mean=-5.630795e+03
  cos_align_neg: scalar = 0.12185618571908301
  cos_align_pos: scalar = 0.12185618571908301
  d2V_dsig2_scan: shape=(8,), dtype=float64
    values = [2546.37412967 2492.01112698 2439.57591045 2388.96643816 2340.08435386
 2332.89512085 2292.83483789 2247.12646472]
  d2V_dtau2_scan: shape=(8,), dtype=float64
    values = [-54.80499988 -57.63354577 -60.41864928 -63.1634032  -65.87081413
 -66.27176292 -68.53854363 -71.17548982]
  d2V_mixed_scan: shape=(8,), dtype=float64
    values = [-260.00681339 -272.47725772 -284.63616357 -296.5019708  -308.09250828
 -309.80838089 -319.42528515 -330.51722163]
  d2a2_fold_analytic: scalar = 18.052144924770246
  d2a2_fold_num: scalar = 6572.945513164067
  d2a4_fold_analytic: scalar = 15.213245217776889
  d2a4_fold_num: scalar = -401906.08149097126
  det_SA_fold: scalar = -238808.66904851331
  det_SA_saddle: scalar = -250586.30522770635
  det_scan: shape=(8,), dtype=float64
    values = [-207157.57688332 -217867.29331364 -228413.62692848 -238808.66904851
 -249064.2551861  -250586.30522771 -259180.07335462 -269181.96061649]
  eig_max_scan: shape=(8,), dtype=float64
    values = [2572.10909494 2520.8052393  2471.57353903 2424.30890941 2378.91032166
 2372.25544965 2335.28083598 2293.32714647]
  eig_min_scan: shape=(8,), dtype=float64
    values = [ -80.53996516  -86.42765808  -92.41627786  -98.50587445 -104.69678193
 -105.63209171 -110.98454171 -117.37617157]
  evals_SA_fold: shape=(2,), dtype=float64
    values = [ -98.50587445 2424.30890941]
  evals_SA_saddle: shape=(2,), dtype=float64
    values = [-105.63209171 2372.25544965]
  evecs_SA_fold: shape=(2, 2), dtype=float64
    values = [[-0.99297072 -0.11836022]
 [-0.11836022  0.99297072]]
  gate_detail: shape=(1,), dtype=<U178
    values = ['H_S at fold: evals=[-98.5059,2424.3089], det=-238808.6690. H_S at saddle: evals=[-105.6321,2372.2554], det=-250586.3052. E_J comparison: evals=[-0.0856,0.0841], cos_align=0.1219.']
  gate_name: shape=(1,), dtype=<U12
    values = ['SA-SADDLE-58']
  gate_verdict: shape=(1,), dtype=<U4
    values = ['PASS']
  ratio_neg: scalar = 1234.435301732935
  ratio_pos: scalar = 28216.925167101155
  tau_scan: shape=(8,), dtype=float64
    values = [0.16   0.17   0.18   0.19   0.2    0.2015 0.21   0.22  ]
  tau_sweep: shape=(50,), dtype=float64
    first 5 = [0.         0.01020408 0.02040816 0.03061224 0.04081633]
    last 5  = [0.45918367 0.46938776 0.47959184 0.48979592 0.5       ]
    min=0.000000e+00, max=5.000000e-01, mean=2.500000e-01

=== s58_ej_3d_landscape.npz ===
Keys: ['tau_range', 'sig_range', 'd1_range', 'E_J_3d', 'V_3d', 'R_3d', 'Vol_3d', 'J_C2_3d', 'F_anom_3d', 'H_EJ_3d', 'evals_EJ_3d', 'evecs_EJ_3d', 'H_V_3d', 'evals_V_3d', 'H_EJ_2d_sub', 'evals_EJ_2d_sub', 'EJ_H_2d_S57', 'EJ_evals_2d_S57', 'morse_index', 'gate_name', 'gate_verdict', 'gate_detail']
  EJ_H_2d_S57: shape=(2, 2), dtype=float64
    values = [[ 0.08406907  0.00071428]
 [ 0.00071428 -0.08556818]]
  EJ_evals_2d_S57: shape=(2,), dtype=float64
    values = [-0.08557119  0.08407208]
  E_J_3d: shape=(21, 21, 21), dtype=float64
    first 5 = [[[0.00171079 0.00171129 0.00171175 ... 0.00171264 0.00171226 0.00171182]
  [0.00171256 0.00171316 0.00171372 ... 0.00171649 0.00171624 0.00171594]
  [0.00171413 0.00171484 0.0017155  ... 0.0017201  0.00171998 0.0017198 ]
  ...
  [0.00172004 0.00172201 0.00172397 ... 0.00175169 0.00175318 0.00175464]
  [0.00171955 0.00172159 0.0017236  ... 0.00175245 0.00175402 0.00175556]
  [0.001719   0.0017211  0.00172317 ... 0.0017531  0.00175475 0.00175637]]

 [[0.00164004 0.00164052 0.00164096 ... 0.00164183 0.00164146 0.00164105]
  [0.00164179 0.00164237 0.00164291 ... 0.00164557 0.00164534 0.00164505]
  [0.00164335 0.00164403 0.00164466 ... 0.00164909 0.00164897 0.00164881]
  ...
  [0.00165006 0.00165195 0.00165383 ... 0.00168045 0.00168188 0.00168329]
  [0.00164967 0.00165162 0.00165356 ... 0.00168126 0.00168277 0.00168425]
  [0.00164922 0.00165123 0.00165322 ... 0.00168197 0.00168355 0.00168511]]

 [[0.00157236 0.00157282 0.00157324 ... 0.00157409 0.00157374 0.00157335]
  [0.00157408 0.00157464 0.00157516 ... 0.00157773 0.00157751 0.00157723]
  [0.00157563 0.00157628 0.0015769  ... 0.00158115 0.00158104 0.00158089]
  ...
  [0.00158309 0.00158491 0.00158671 ... 0.00161228 0.00161366 0.00161501]
  [0.0015828  0.00158467 0.00158653 ... 0.00161314 0.00161459 0.00161601]
  [0.00158244 0.00158437 0.00158629 ... 0.0016139  0.00161542 0.00161691]]

 [[0.0015074  0.00150785 0.00150825 ... 0.00150908 0.00150875 0.00150837]
  [0.0015091  0.00150964 0.00151014 ... 0.00151262 0.00151241 0.00151214]
  [0.00151064 0.00151126 0.00151185 ... 0.00151595 0.00151585 0.0015157 ]
  ...
  [0.0015188  0.00152055 0.00152228 ... 0.00154684 0.00154816 0.00154946]
  [0.00151859 0.00152039 0.00152218 ... 0.00154773 0.00154912 0.00155049]
  [0.00151833 0.00152018 0.00152202 ... 0.00154854 0.00155    0.00155144]]

 [[0.00144502 0.00144545 0.00144584 ... 0.00144665 0.00144633 0.00144597]
  [0.0014467  0.00144721 0.00144769 ... 0.00145009 0.00144989 0.00144963]
  [0.00144822 0.00144882 0.00144939 ... 0.00145334 0.00145324 0.0014531 ]
  ...
  [0.00145704 0.00145871 0.00146037 ... 0.00148397 0.00148524 0.00148648]
  [0.00145691 0.00145864 0.00146035 ... 0.0014849  0.00148623 0.00148755]
  [0.00145673 0.00145851 0.00146027 ... 0.00148575 0.00148715 0.00148853]]]
    last 5  = [[[0.00087253 0.0008728  0.00087304 ... 0.00087372 0.00087355 0.00087334]
  [0.00087396 0.00087428 0.00087459 ... 0.00087624 0.00087612 0.00087599]
  [0.00087532 0.00087569 0.00087604 ... 0.00087864 0.00087859 0.00087852]
  ...
  [0.0008888  0.00088984 0.00089086 ... 0.00090552 0.00090632 0.0009071 ]
  [0.0008893  0.00089037 0.00089143 ... 0.00090668 0.00090752 0.00090834]
  [0.00088977 0.00089087 0.00089197 ... 0.0009078  0.00090868 0.00090954]]

 [[0.00083739 0.00083765 0.00083788 ... 0.00083856 0.00083839 0.00083819]
  [0.0008388  0.00083911 0.0008394  ... 0.00084101 0.0008409  0.00084077]
  [0.00084014 0.0008405  0.00084084 ... 0.00084335 0.00084331 0.00084324]
  ...
  [0.0008538  0.0008548  0.00085579 ... 0.0008699  0.00087067 0.00087142]
  [0.00085433 0.00085536 0.00085638 ... 0.00087106 0.00087187 0.00087266]
  [0.00085484 0.0008559  0.00085695 ... 0.00087219 0.00087303 0.00087386]]

 [[0.00080365 0.0008039  0.00080413 ... 0.0008048  0.00080464 0.00080445]
  [0.00080505 0.00080534 0.00080562 ... 0.00080719 0.00080709 0.00080697]
  [0.00080637 0.00080672 0.00080704 ... 0.00080948 0.00080944 0.00080938]
  ...
  [0.00082019 0.00082115 0.0008221  ... 0.00083568 0.00083642 0.00083714]
  [0.00082074 0.00082173 0.00082272 ... 0.00083685 0.00083762 0.00083838]
  [0.00082128 0.0008223  0.00082331 ... 0.00083798 0.00083879 0.00083959]]

 [[0.00077116 0.0007714  0.00077162 ... 0.00077229 0.00077214 0.00077196]
  [0.00077254 0.00077283 0.00077309 ... 0.00077462 0.00077453 0.00077441]
  [0.00077385 0.00077418 0.0007745  ... 0.00077685 0.00077682 0.00077676]
  ...
  [0.00078779 0.00078871 0.00078963 ... 0.0008027  0.00080341 0.00080411]
  [0.00078837 0.00078932 0.00079027 ... 0.00080387 0.00080462 0.00080535]
  [0.00078893 0.00078991 0.00079089 ... 0.000805   0.00080579 0.00080656]]

 [[0.00073999 0.00074023 0.00074044 ... 0.0007411  0.00074096 0.00074079]
  [0.00074135 0.00074163 0.00074189 ... 0.00074337 0.00074329 0.00074318]
  [0.00074264 0.00074297 0.00074327 ... 0.00074556 0.00074552 0.00074547]
  ...
  [0.00075669 0.00075758 0.00075846 ... 0.00077104 0.00077173 0.0007724 ]
  [0.0007573  0.00075821 0.00075912 ... 0.00077221 0.00077293 0.00077364]
  [0.00075788 0.00075883 0.00075976 ... 0.00077335 0.0007741  0.00077484]]]
    min=7.399949e-04, max=1.756369e-03, mean=1.176962e-03
  F_anom_3d: shape=(21, 21, 21), dtype=float64
    first 5 = [[[0.00147512 0.00147295 0.00147076 ... 0.00143255 0.00142996 0.00142733]
  [0.00147614 0.00147403 0.00147189 ... 0.0014347  0.00143218 0.00142962]
  [0.00147704 0.00147499 0.00147291 ... 0.00143671 0.00143425 0.00143177]
  ...
  [0.00148043 0.0014791  0.00147775 ... 0.00145425 0.00145265 0.00145104]
  [0.00148015 0.00147886 0.00147754 ... 0.00145467 0.00145312 0.00145154]
  [0.00147984 0.00147858 0.0014773  ... 0.00145503 0.00145352 0.00145199]]

 [[0.00147201 0.00146984 0.00146766 ... 0.00142954 0.00142695 0.00142433]
  [0.00147305 0.00147094 0.00146881 ... 0.00143171 0.00142919 0.00142664]
  [0.00147398 0.00147193 0.00146986 ... 0.00143375 0.00143129 0.00142882]
  ...
  [0.00147799 0.00147666 0.00147532 ... 0.00145187 0.00145028 0.00144867]
  [0.00147776 0.00147646 0.00147516 ... 0.00145234 0.00145078 0.00144922]
  [0.00147749 0.00147623 0.00147496 ... 0.00145274 0.00145124 0.00144971]]

 [[0.00146904 0.00146688 0.00146469 ... 0.00142666 0.00142408 0.00142147]
  [0.00147011 0.00146801 0.00146588 ... 0.00142886 0.00142635 0.00142381]
  [0.00147107 0.00146903 0.00146696 ... 0.00143093 0.00142848 0.001426  ]
  ...
  [0.00147571 0.00147438 0.00147304 ... 0.00144965 0.00144806 0.00144645]
  [0.00147553 0.00147423 0.00147293 ... 0.00145016 0.00144861 0.00144705]
  [0.00147531 0.00147405 0.00147278 ... 0.00145062 0.00144911 0.00144759]]

 [[0.00146601 0.00146385 0.00146168 ... 0.00142373 0.00142116 0.00141855]
  [0.00146711 0.00146501 0.00146289 ... 0.00142596 0.00142345 0.00142092]
  [0.00146811 0.00146606 0.001464   ... 0.00142805 0.00142561 0.00142314]
  ...
  [0.00147339 0.00147206 0.00147072 ... 0.00144739 0.0014458  0.0014442 ]
  [0.00147325 0.00147196 0.00147066 ... 0.00144794 0.0014464  0.00144484]
  [0.00147308 0.00147183 0.00147056 ... 0.00144845 0.00144694 0.00144543]]

 [[0.00146288 0.00146073 0.00145856 ... 0.00142071 0.00141814 0.00141554]
  [0.00146401 0.00146192 0.00145981 ... 0.00142297 0.00142046 0.00141793]
  [0.00146504 0.001463   0.00146095 ... 0.00142509 0.00142265 0.00142019]
  ...
  [0.00147098 0.00146966 0.00146832 ... 0.00144504 0.00144346 0.00144186]
  [0.00147089 0.0014696  0.00146831 ... 0.00144564 0.0014441  0.00144255]
  [0.00147077 0.00146952 0.00146825 ... 0.0014462  0.0014447  0.00144318]]]
    last 5  = [[[0.0014301  0.00142801 0.0014259  ... 0.0013891  0.0013866  0.00138407]
  [0.00143166 0.00142963 0.00142758 ... 0.00139176 0.00138932 0.00138686]
  [0.00143314 0.00143116 0.00142916 ... 0.0013943  0.00139193 0.00138954]
  ...
  [0.00144782 0.00144653 0.00144523 ... 0.0014226  0.00142106 0.00141951]
  [0.00144836 0.00144711 0.00144584 ... 0.00142381 0.00142232 0.0014208 ]
  [0.00144887 0.00144766 0.00144643 ... 0.00142498 0.00142353 0.00142205]]

 [[0.00142876 0.00142667 0.00142456 ... 0.00138782 0.00138533 0.0013828 ]
  [0.00143037 0.00142834 0.00142629 ... 0.00139052 0.00138809 0.00138564]
  [0.00143189 0.00142991 0.00142791 ... 0.00139311 0.00139074 0.00138835]
  ...
  [0.00144737 0.00144609 0.00144479 ... 0.00142219 0.00142066 0.0014191 ]
  [0.00144797 0.00144672 0.00144546 ... 0.00142346 0.00142197 0.00142046]
  [0.00144854 0.00144732 0.0014461  ... 0.00142469 0.00142323 0.00142176]]

 [[0.0014274  0.00142532 0.00142321 ... 0.00138653 0.00138404 0.00138152]
  [0.00142905 0.00142703 0.00142498 ... 0.00138928 0.00138685 0.0013844 ]
  [0.00143062 0.00142865 0.00142665 ... 0.0013919  0.00138954 0.00138715]
  ...
  [0.00144691 0.00144563 0.00144434 ... 0.00142178 0.00142025 0.0014187 ]
  [0.00144757 0.00144632 0.00144506 ... 0.0014231  0.00142161 0.0014201 ]
  [0.0014482  0.00144698 0.00144576 ... 0.00142438 0.00142293 0.00142146]]

 [[0.00142584 0.00142377 0.00142167 ... 0.00138505 0.00138257 0.00138005]
  [0.00142754 0.00142552 0.00142348 ... 0.00138784 0.00138542 0.00138297]
  [0.00142915 0.00142718 0.00142519 ... 0.00139051 0.00138815 0.00138577]
  ...
  [0.00144627 0.00144499 0.0014437  ... 0.00142118 0.00141965 0.0014181 ]
  [0.00144698 0.00144574 0.00144448 ... 0.00142256 0.00142107 0.00141956]
  [0.00144767 0.00144646 0.00144523 ... 0.0014239  0.00142245 0.00142098]]

 [[0.00142431 0.00142224 0.00142014 ... 0.0013836  0.00138111 0.00137861]
  [0.00142606 0.00142404 0.001422   ... 0.00138643 0.00138401 0.00138157]
  [0.00142771 0.00142575 0.00142376 ... 0.00138914 0.00138678 0.00138441]
  ...
  [0.00144566 0.00144438 0.00144309 ... 0.00142062 0.00141909 0.00141755]
  [0.00144643 0.00144519 0.00144393 ... 0.00142205 0.00142056 0.00141906]
  [0.00144717 0.00144596 0.00144474 ... 0.00142345 0.001422   0.00142054]]]
    min=1.378605e-03, max=1.481163e-03, mean=1.437440e-03
  H_EJ_2d_sub: shape=(2, 2), dtype=float64
    values = [[ 0.08332372  0.00061949]
 [ 0.00061949 -0.08421479]]
  H_EJ_3d: shape=(3, 3), dtype=float64
    values = [[ 0.08332372  0.00061949 -0.00058227]
 [ 0.00061949 -0.08421479  0.00594938]
 [-0.00058227  0.00594938 -0.00023304]]
  H_V_3d: shape=(3, 3), dtype=float64
    values = [[ 1.70461529e+01  7.96819471e+01  9.23969954e-01]
 [ 7.96819471e+01 -6.00187631e+02  4.49355919e+01]
 [ 9.23969954e-01  4.49355919e+01  3.21943199e-02]]
  J_C2_3d: shape=(21, 21, 21), dtype=float64
    first 5 = [[[1.07692251 1.07787288 1.0788195  ... 1.09339458 1.09426568 1.09513156]
  [1.07710778 1.07806915 1.07902694 ... 1.09380446 1.09468985 1.09557023]
  [1.07727308 1.07824511 1.07921372 ... 1.09418737 1.0950866  1.09598103]
  ...
  [1.07789065 1.07899561 1.08009903 ... 1.09751122 1.09858208 1.09965062]
  [1.07783995 1.07895129 1.08006119 ... 1.09759025 1.09866932 1.09974618]
  [1.07778257 1.07890011 1.08001629 ... 1.09765885 1.09874589 1.09983083]]

 [[1.05553511 1.05646669 1.0573946  ... 1.07168184 1.07253575 1.07338455]
  [1.05572203 1.05666441 1.05760327 ... 1.0720891  1.07295703 1.07382006]
  [1.05588957 1.05684241 1.05779189 ... 1.07247013 1.07335163 1.07422844]
  ...
  [1.05660657 1.05768987 1.05877167 ... 1.07584304 1.07689297 1.07794062]
  [1.05656516 1.05765473 1.05874289 ... 1.07592901 1.076987   1.07804282]
  [1.05651733 1.057613   1.05870733 ... 1.07600489 1.0770707  1.07813445]]

 [[1.03457055 1.03548372 1.0363933  ... 1.0503985  1.05123557 1.05206764]
  [1.03475918 1.03568295 1.03660327 ... 1.05080329 1.05165411 1.05250013]
  [1.03492901 1.03586304 1.03679377 ... 1.05118255 1.05204669 1.05290623]
  ...
  [1.03574392 1.03680601 1.03786662 ... 1.054604   1.05563341 1.05666059]
  [1.03571159 1.03677983 1.03784669 ... 1.05469674 1.05573406 1.05676927]
  [1.03567311 1.03674733 1.03782025 ... 1.05477973 1.05582473 1.05686773]]

 [[1.01402053 1.01491566 1.01580728 ... 1.02953613 1.03035671 1.03117238]
  [1.01421093 1.01511645 1.0160186  ... 1.02993858 1.03077264 1.03160201]
  [1.01438306 1.01529866 1.01621103 ... 1.03031619 1.03116332 1.03200594]
  ...
  [1.01529431 1.01633559 1.01737544 ... 1.03378552 1.03479483 1.03580196]
  [1.01527085 1.01631819 1.01736416 ... 1.03388487 1.03490195 1.03591695]
  [1.0152415  1.01629471 1.01734664 ... 1.0339748  1.03499941 1.03602206]]

 [[0.99387693 0.99475439 0.9956284  ... 1.00908649 1.0098909  1.01069051]
  [0.99406913 0.99495678 0.99584113 ... 1.00948672 1.01030436 1.0111174 ]
  [0.9942436  0.99514114 0.99603551 ... 1.00986277 1.01069324 1.01151928]
  ...
  [0.99524951 0.99627042 0.99728991 ... 1.01337924 1.01436886 1.01535633]
  [0.99523473 0.99626157 0.99728709 ... 1.01348504 1.01448228 1.01547748]
  [0.99521428 0.99624689 0.99727826 ... 1.01358172 1.01458636 1.01558907]]]
    last 5  = [[[0.78110095 0.78179215 0.78248066 ... 0.79308691 0.79372119 0.79435172]
  [0.78131497 0.78201428 0.78271102 ... 0.79346633 0.79411112 0.79475231]
  [0.78151647 0.78222366 0.78292838 ... 0.79382818 0.79448315 0.79513468]
  ...
  [0.78350969 0.78431556 0.78512035 ... 0.79782624 0.79860809 0.79938829]
  [0.7835829  0.78439355 0.78520318 ... 0.79799624 0.79878419 0.79957059]
  [0.78365267 0.78446797 0.78528231 ... 0.7981601  0.79895398 0.79974639]]

 [[0.76556861 0.76624625 0.76692126 ... 0.77732    0.7779419  0.77856014]
  [0.76578428 0.76646988 0.76715296 ... 0.77769794 0.77833015 0.77895885]
  [0.76598779 0.76668111 0.76737202 ... 0.77805876 0.77870096 0.7793398 ]
  ...
  [0.76804991 0.7688401  0.76962923 ... 0.78208842 0.78285512 0.78362021]
  [0.76812914 0.76892402 0.76971791 ... 0.78226268 0.78303537 0.78380654]
  [0.76820508 0.76900452 0.76980303 ... 0.78243099 0.78320951 0.78398658]]

 [[0.7503441  0.75100845 0.75167023 ... 0.76186567 0.76247545 0.76308165]
  [0.75056138 0.75123354 0.75190324 ... 0.76224214 0.76286204 0.76347849]
  [0.75076683 0.75144657 0.75212395 ... 0.76260193 0.76323163 0.76385803]
  ...
  [0.75289572 0.75367054 0.75444432 ... 0.76666173 0.76741359 0.76816387]
  [0.75298077 0.7537602  0.75453866 ... 0.76684009 0.76759783 0.76835407]
  [0.75306267 0.75384658 0.75462958 ... 0.76701268 0.76777613 0.76853818]]

 [[0.73542137 0.7360727  0.73672151 ... 0.74671778 0.74731569 0.74791008]
  [0.7356402  0.7362992  0.73695578 ... 0.74709279 0.74770062 0.74830508]
  [0.73584753 0.73651397 0.73717809 ... 0.74745154 0.74806899 0.7486832 ]
  ...
  [0.73804106 0.73880081 0.73955956 ... 0.75154    0.75227731 0.75301309]
  [0.73813175 0.73889603 0.73965936 ... 0.75172229 0.75246538 0.753207  ]
  [0.73821941 0.73898809 0.73975588 ... 0.751899   0.75264769 0.75339501]]

 [[0.72079446 0.72143304 0.72206915 ... 0.73187028 0.73245656 0.7330394 ]
  [0.72101479 0.72166089 0.72230463 ... 0.73224383 0.73283984 0.73343256]
  [0.72122395 0.72187734 0.72252848 ... 0.73260154 0.73320699 0.73380927]
  ...
  [0.72347997 0.72422496 0.72496896 ... 0.73671717 0.73744023 0.73816178]
  [0.7235761  0.72432553 0.72507405 ... 0.73690323 0.73763195 0.73835925]
  [0.72366933 0.72442309 0.72517598 ... 0.73708388 0.73781811 0.73855099]]]
    min=7.207945e-01, max=1.099831e+00, mean=8.973495e-01
  R_3d: shape=(21, 21, 21), dtype=float64
    first 5 = [[[12.15123899 12.13337022 12.11532187 ... 11.80059495 11.77920215
   11.75759435]
  [12.15960294 12.14221017 12.1246426  ... 11.81829961 11.79747669
   11.7764445 ]
  [12.16706893 12.15013949 12.1330399  ... 11.8348575  11.81458928
   11.79411736]
  ...
  [12.19499328 12.18400253 12.17290131 ... 11.97931851 11.96616018
   11.95286962]
  [12.19269888 12.1820009  12.17119541 ... 11.98276941 11.96996161
   11.95702509]
  [12.19010263 12.17968964 12.169172   ... 11.98576543 11.97329881
   11.9607069 ]]

 [[12.15397352 12.13610476 12.1180564  ... 11.80332948 11.78193668
   11.76032888]
  [12.16258512 12.14519235 12.12762479 ... 11.8212818  11.80045887
   11.77942668]
  [12.17030765 12.15337821 12.13627862 ... 11.83809622 11.817828
   11.79735608]
  ...
  [12.2033982  12.19240745 12.18130624 ... 11.98772343 11.97456511
   11.96127454]
  [12.201485   12.19078703 12.17998154 ... 11.99155554 11.97874774
   11.96581122]
  [12.199276   12.18886301 12.17834536 ... 11.9949388  11.98247218
   11.96988027]]

 [[12.15696467 12.1390959  12.12104755 ... 11.80632062 11.78492782
   11.76332002]
  [12.16583357 12.1484408  12.13087324 ... 11.82453025 11.80370732
   11.78267513]
  [12.17382212 12.15689268 12.13979309 ... 11.84161069 11.82134247
   11.80087054]
  ...
  [12.21221073 12.20121997 12.19011876 ... 11.99653595 11.98337763
   11.97008707]
  [12.21068593 12.19998796 12.18918247 ... 12.00075647 11.98794867
   11.97501215]
  [12.20887127 12.19845828 12.18794063 ... 12.00453406 11.99206745
   11.97947554]]

 [[12.16022288 12.14235411 12.12430576 ... 11.80957883 11.78818603
   11.76657823]
  [12.1693586  12.15196583 12.13439827 ... 11.82805527 11.80723235
   11.78620016]
  [12.17762251 12.16069307 12.14359348 ... 11.84541108 11.82514286
   11.80467093]
  ...
  [12.2214393  12.21044855 12.19934733 ... 12.00576453 11.99260621
   11.97931564]
  [12.22031003 12.20961205 12.19880656 ... 12.01038056 11.99757276
   11.98463624]
  [12.21889672 12.20848373 12.19796609 ... 12.01455952 12.0020929
   11.989501  ]]

 [[12.1637585  12.14588973 12.12784138 ... 11.81311445 11.79172165
   11.77011385]
  [12.17317041 12.15577764 12.13821007 ... 11.83186708 11.81104416
   11.79001197]
  [12.18171889 12.16478944 12.14768985 ... 11.84950746 11.82923923
   11.80876731]
  ...
  [12.23109231 12.22010156 12.20900035 ... 12.01541754 12.00225922
   11.98896865]
  [12.23036561 12.21966763 12.20886214 ... 12.02043614 12.00762834
   11.99469182]
  [12.22936061 12.21894762 12.20842997 ... 12.0250234  12.01255679
   11.99996488]]]
    last 5  = [[[12.23144904 12.21358028 12.19553192 ... 11.880805   11.8594122
   11.8378044 ]
  [12.24486012 12.22746736 12.20989979 ... 11.9035568  11.88273388
   11.86170168]
  [12.25749695 12.24056751 12.22346792 ... 11.92528553 11.9050173
   11.88454538]
  ...
  [12.38302475 12.37203399 12.36093278 ... 12.16734997 12.15419165
   12.14090109]
  [12.3876534  12.37695542 12.36614993 ... 12.17772393 12.16491613
   12.15197961]
  [12.39206615 12.38165316 12.37113551 ... 12.18772895 12.17526233
   12.16267042]]

 [[12.23948686 12.2216181  12.20356974 ... 11.88884282 11.86745002
   11.84584222]
  [12.25328483 12.23589207 12.2183245  ... 11.91198151 11.89115859
   11.87012639]
  [12.26631515 12.24938571 12.23228612 ... 11.93410373 11.9138355
   11.89336358]
  ...
  [12.39893847 12.38794771 12.3768465  ... 12.18326369 12.17010537
   12.15681481]
  [12.40405532 12.39335734 12.38255185 ... 12.19412585 12.18131805
   12.16838153]
  [12.40896101 12.39854801 12.38803037 ... 12.2046238  12.19215719
   12.17956528]]

 [[12.24793689 12.23006812 12.21201977 ... 11.89729284 11.87590004
   11.85429224]
  [12.26212953 12.24473676 12.2271692  ... 11.9208262  11.90000328
   11.87897109]
  [12.275561   12.25863155 12.24153196 ... 11.94334957 11.92308134
   11.90260942]
  ...
  [12.41538967 12.40439891 12.3932977  ... 12.19971489 12.18655657
   12.17326601]
  [12.42100094 12.41030296 12.39949747 ... 12.21107147 12.19826367
   12.18532715]
  [12.42640572 12.41599272 12.40547508 ... 12.22206851 12.20960189
   12.19700999]]

 [[12.25680816 12.23893939 12.22089104 ... 11.90616411 11.88477131
   11.86316351]
  [12.27140315 12.25401038 12.23644282 ... 11.93009983 11.9092769
   11.88824471]
  [12.28524334 12.2683139  12.25121431 ... 11.95303192 11.93276369
   11.91229177]
  ...
  [12.4323862  12.42139545 12.41029423 ... 12.21671143 12.2035531
   12.19026254]
  [12.43849806 12.42780008 12.41699459 ... 12.22856859 12.21576079
   12.20282427]
  [12.44440804 12.43399504 12.4234774  ... 12.24007083 12.22760422
   12.21501231]]

 [[12.26610964 12.24824087 12.23019252 ... 11.91546559 11.8940728
   11.872465  ]
  [12.28111459 12.26372182 12.24615426 ... 11.93981126 11.91898834
   11.89795615]
  [12.295371   12.27844156 12.26134197 ... 11.96315957 11.94289135
   11.92241943]
  ...
  [12.44993589 12.43894514 12.42784392 ... 12.23426112 12.22110279
   12.20781223]
  [12.45655447 12.44585649 12.435051   ... 12.246625   12.2338172
   12.22088068]
  [12.46297572 12.45256273 12.44204508 ... 12.25863852 12.2461719
   12.23357999]]]
    min=1.175759e+01, max=1.246298e+01, mean=1.212289e+01
  V_3d: shape=(21, 21, 21), dtype=float64
    first 5 = [[[11.55861607 11.59947138 11.64027331 ... 12.28218636 12.32137361
   12.3604191 ]
  [11.5665721  11.60792235 11.64922857 ... 12.30061357 12.3404893
   12.38023572]
  [11.57367398 11.61550275 11.6572966  ... 12.3178472  12.35838954
   12.39881468]
  ...
  [11.60023644 11.64787573 11.69559503 ... 12.46820377 12.51693693
   12.56570635]
  [11.59805393 11.64596219 11.69395601 ... 12.47179551 12.52091333
   12.57007487]
  [11.59558431 11.64375263 11.69201194 ... 12.4749138  12.52440413
   12.57394546]]

 [[11.56121724 11.60208559 11.64290062 ... 12.28503249 12.32423401
   12.36329383]
  [11.56940884 11.61077331 11.65209382 ... 12.30371746 12.34360874
   12.3833708 ]
  [11.57675474 11.61859896 11.66040833 ... 12.3212181  12.36177733
   12.40221946]
  ...
  [11.60823145 11.65591082 11.70367039 ... 12.4769517  12.52572871
   12.5745422 ]
  [11.60641156 11.6543617  11.70239763 ... 12.4809402  12.53010386
   12.57931148]
  [11.60431029 11.65252234 11.70082561 ... 12.48446153 12.53399973
   12.58358916]]

 [[11.5640625  11.60494511 11.64577447 ... 12.28814571 12.32736283
   12.36643834]
  [11.57249886 11.61387882 11.65521489 ... 12.30709848 12.34700671
   12.3867858 ]
  [11.58009781 11.62195878 11.66378499 ... 12.32487599 12.36545356
   12.40591412]
  ...
  [11.61661418 11.66433557 11.71213737 ... 12.48612387 12.53494686
   12.58380656]
  [11.61516375 11.66315777 11.71123779 ... 12.49051663 12.53972829
   12.58898415]
  [11.61343759 11.66169539 11.71004464 ... 12.49444839 12.54403665
   12.59367638]]

 [[11.56716181 11.60805995 11.64890493 ... 12.29153689 12.33077101
   12.3698636 ]
  [11.57585198 11.61724873 11.6586017  ... 12.31076737 12.35069399
   12.39049156]
  [11.58371285 11.62559195 11.66743637 ... 12.32883148 12.36942888
   12.40990936]
  ...
  [11.62539267 11.67315806 11.72100408 ... 12.49572907 12.5446002
   12.59350829]
  [11.62431847 11.67235838 11.72048452 ... 12.50053349 12.54979536
   12.59910168]
  [11.6229741  11.6712797  11.71967699 ... 12.504883   12.55452355
   12.60421586]]

 [[11.57052499 11.61143999 11.65230191 ... 12.2952168  12.33446936
   12.37358049]
  [11.57947788 11.62089281 11.66226405 ... 12.31473474 12.35468125
   12.39449881]
  [11.58760945 11.62950807 11.67137212 ... 12.33309503 12.3737138
   12.41421576]
  ...
  [11.6345749  11.68238632 11.7302786  ... 12.50577603 12.55469752
   12.60365622]
  [11.63388364 11.68197148 11.73014581 ... 12.51099944 12.56031377
   12.60967282]
  [11.63292765 11.68128315 11.72973058 ... 12.51577392 12.56546907
   12.61521624]]]
    last 5  = [[[11.63491423 11.67615199 11.71733828 ... 12.36566985 12.40527556
   12.44474161]
  [11.64767125 11.689428   11.73114277 ... 12.38935017 12.42967069
   12.46986413]
  [11.65969177 11.70195172 11.74417889 ... 12.41196566 12.45297977
   12.49387905]
  ...
  [11.7790975  11.82763334 11.87625367 ... 12.66390895 12.71362308
   12.7633784 ]
  [11.78350041 11.83233822 11.88126626 ... 12.67470627 12.72484119
   12.77502493]
  [11.78769795 11.83682924 11.88605635 ... 12.6851196  12.7356636
   12.78626387]]

 [[11.64256005 11.68383612 11.72506093 ... 12.3740357  12.41368335
   12.45319154]
  [11.65568508 11.69748201 11.73923715 ... 12.3981187  12.43848317
   12.47872079]
  [11.6680799  11.71038189 11.75265132 ... 12.42114374 12.46220385
   12.50314937]
  ...
  [11.7942351  11.84284682 11.89154341 ... 12.68047212 12.73026928
   12.78010803]
  [11.7991024  11.84801841 11.89702505 ... 12.69177757 12.74199805
   12.7922678 ]
  [11.80376884 11.85298068 11.90228875 ... 12.70270395 12.75333609
   12.80402494]]

 [[11.65059796 11.69191433 11.73317962 ... 12.38283057 12.42252231
   12.4620748 ]
  [11.66409841 11.70593751 11.74773503 ... 12.40732435 12.44773497
   12.48801896]
  [11.67687482 11.71922089 11.76153463 ... 12.43076691 12.47187526
   12.51286926]
  ...
  [11.80988397 11.85857413 11.90734955 ... 12.6975947  12.74747769
   12.7974027 ]
  [11.81522157 11.86421838 11.91330622 ... 12.70941475 12.75972364
   12.81008223]
  [11.82036276 11.86965778 11.91904944 ... 12.72086059 12.77158374
   12.82236406]]

 [[11.65903657 11.70039524 11.74170304 ... 12.39206388 12.4318019
   12.47140091]
  [11.67291976 11.71480307 11.75664503 ... 12.41697644 12.45743543
   12.49776805]
  [11.68608496 11.72847719 11.77083733 ... 12.4408444  12.48200327
   12.52304803]
  ...
  [11.82605157 11.87482277 11.92367964 ... 12.71528488 12.76525654
   12.81527067]
  [11.83186535 11.88094558 11.93011727 ... 12.72762594 12.77802612
   12.82847645]
  [11.8374871  11.88686795 11.93634588 ... 12.7395976  12.79041467
   12.84128938]]

 [[11.66788441 11.70928743 11.75063981 ... 12.40174497 12.44153151
   12.48117929]
  [11.68215756 11.72408718 11.76597568 ... 12.42708421 12.46759387
   12.5079774 ]
  [11.69571868 11.73815921 11.78056787 ... 12.45138538 12.49259708
   12.53369494]
  ...
  [11.84274535 11.89160023 11.94054119 ... 12.73355078 12.783614
   12.83372015]
  [11.84904114 11.89820747 11.94746568 ... 12.74641925 12.79691363
   12.84745863]
  [11.85514922 11.90461861 11.95418552 ... 12.75892305 12.80983699
   12.86080905]]]
    min=1.155862e+01, max=1.286081e+01, mean=1.212565e+01
  Vol_3d: shape=(21, 21, 21), dtype=float64
    first 5 = [[[0.95122942 0.95599748 0.96078944 ... 1.04081077 1.04602786 1.0512711 ]
  [0.95122942 0.95599748 0.96078944 ... 1.04081077 1.04602786 1.0512711 ]
  [0.95122942 0.95599748 0.96078944 ... 1.04081077 1.04602786 1.0512711 ]
  ...
  [0.95122942 0.95599748 0.96078944 ... 1.04081077 1.04602786 1.0512711 ]
  [0.95122942 0.95599748 0.96078944 ... 1.04081077 1.04602786 1.0512711 ]
  [0.95122942 0.95599748 0.96078944 ... 1.04081077 1.04602786 1.0512711 ]]

 [[0.95122942 0.95599748 0.96078944 ... 1.04081077 1.04602786 1.0512711 ]
  [0.95122942 0.95599748 0.96078944 ... 1.04081077 1.04602786 1.0512711 ]
  [0.95122942 0.95599748 0.96078944 ... 1.04081077 1.04602786 1.0512711 ]
  ...
  [0.95122942 0.95599748 0.96078944 ... 1.04081077 1.04602786 1.0512711 ]
  [0.95122942 0.95599748 0.96078944 ... 1.04081077 1.04602786 1.0512711 ]
  [0.95122942 0.95599748 0.96078944 ... 1.04081077 1.04602786 1.0512711 ]]

 [[0.95122942 0.95599748 0.96078944 ... 1.04081077 1.04602786 1.0512711 ]
  [0.95122942 0.95599748 0.96078944 ... 1.04081077 1.04602786 1.0512711 ]
  [0.95122942 0.95599748 0.96078944 ... 1.04081077 1.04602786 1.0512711 ]
  ...
  [0.95122942 0.95599748 0.96078944 ... 1.04081077 1.04602786 1.0512711 ]
  [0.95122942 0.95599748 0.96078944 ... 1.04081077 1.04602786 1.0512711 ]
  [0.95122942 0.95599748 0.96078944 ... 1.04081077 1.04602786 1.0512711 ]]

 [[0.95122942 0.95599748 0.96078944 ... 1.04081077 1.04602786 1.0512711 ]
  [0.95122942 0.95599748 0.96078944 ... 1.04081077 1.04602786 1.0512711 ]
  [0.95122942 0.95599748 0.96078944 ... 1.04081077 1.04602786 1.0512711 ]
  ...
  [0.95122942 0.95599748 0.96078944 ... 1.04081077 1.04602786 1.0512711 ]
  [0.95122942 0.95599748 0.96078944 ... 1.04081077 1.04602786 1.0512711 ]
  [0.95122942 0.95599748 0.96078944 ... 1.04081077 1.04602786 1.0512711 ]]

 [[0.95122942 0.95599748 0.96078944 ... 1.04081077 1.04602786 1.0512711 ]
  [0.95122942 0.95599748 0.96078944 ... 1.04081077 1.04602786 1.0512711 ]
  [0.95122942 0.95599748 0.96078944 ... 1.04081077 1.04602786 1.0512711 ]
  ...
  [0.95122942 0.95599748 0.96078944 ... 1.04081077 1.04602786 1.0512711 ]
  [0.95122942 0.95599748 0.96078944 ... 1.04081077 1.04602786 1.0512711 ]
  [0.95122942 0.95599748 0.96078944 ... 1.04081077 1.04602786 1.0512711 ]]]
    last 5  = [[[0.95122942 0.95599748 0.96078944 ... 1.04081077 1.04602786 1.0512711 ]
  [0.95122942 0.95599748 0.96078944 ... 1.04081077 1.04602786 1.0512711 ]
  [0.95122942 0.95599748 0.96078944 ... 1.04081077 1.04602786 1.0512711 ]
  ...
  [0.95122942 0.95599748 0.96078944 ... 1.04081077 1.04602786 1.0512711 ]
  [0.95122942 0.95599748 0.96078944 ... 1.04081077 1.04602786 1.0512711 ]
  [0.95122942 0.95599748 0.96078944 ... 1.04081077 1.04602786 1.0512711 ]]

 [[0.95122942 0.95599748 0.96078944 ... 1.04081077 1.04602786 1.0512711 ]
  [0.95122942 0.95599748 0.96078944 ... 1.04081077 1.04602786 1.0512711 ]
  [0.95122942 0.95599748 0.96078944 ... 1.04081077 1.04602786 1.0512711 ]
  ...
  [0.95122942 0.95599748 0.96078944 ... 1.04081077 1.04602786 1.0512711 ]
  [0.95122942 0.95599748 0.96078944 ... 1.04081077 1.04602786 1.0512711 ]
  [0.95122942 0.95599748 0.96078944 ... 1.04081077 1.04602786 1.0512711 ]]

 [[0.95122942 0.95599748 0.96078944 ... 1.04081077 1.04602786 1.0512711 ]
  [0.95122942 0.95599748 0.96078944 ... 1.04081077 1.04602786 1.0512711 ]
  [0.95122942 0.95599748 0.96078944 ... 1.04081077 1.04602786 1.0512711 ]
  ...
  [0.95122942 0.95599748 0.96078944 ... 1.04081077 1.04602786 1.0512711 ]
  [0.95122942 0.95599748 0.96078944 ... 1.04081077 1.04602786 1.0512711 ]
  [0.95122942 0.95599748 0.96078944 ... 1.04081077 1.04602786 1.0512711 ]]

 [[0.95122942 0.95599748 0.96078944 ... 1.04081077 1.04602786 1.0512711 ]
  [0.95122942 0.95599748 0.96078944 ... 1.04081077 1.04602786 1.0512711 ]
  [0.95122942 0.95599748 0.96078944 ... 1.04081077 1.04602786 1.0512711 ]
  ...
  [0.95122942 0.95599748 0.96078944 ... 1.04081077 1.04602786 1.0512711 ]
  [0.95122942 0.95599748 0.96078944 ... 1.04081077 1.04602786 1.0512711 ]
  [0.95122942 0.95599748 0.96078944 ... 1.04081077 1.04602786 1.0512711 ]]

 [[0.95122942 0.95599748 0.96078944 ... 1.04081077 1.04602786 1.0512711 ]
  [0.95122942 0.95599748 0.96078944 ... 1.04081077 1.04602786 1.0512711 ]
  [0.95122942 0.95599748 0.96078944 ... 1.04081077 1.04602786 1.0512711 ]
  ...
  [0.95122942 0.95599748 0.96078944 ... 1.04081077 1.04602786 1.0512711 ]
  [0.95122942 0.95599748 0.96078944 ... 1.04081077 1.04602786 1.0512711 ]
  [0.95122942 0.95599748 0.96078944 ... 1.04081077 1.04602786 1.0512711 ]]]
    min=9.512294e-01, max=1.051271e+00, mean=1.000458e+00
  d1_range: shape=(21,), dtype=float64
    values = [-0.1  -0.09 -0.08 -0.07 -0.06 -0.05 -0.04 -0.03 -0.02 -0.01  0.    0.01
  0.02  0.03  0.04  0.05  0.06  0.07  0.08  0.09  0.1 ]
  evals_EJ_2d_sub: shape=(2,), dtype=float64
    values = [-0.08421708  0.08332601]
  evals_EJ_3d: shape=(3,), dtype=float64
    values = [-0.08463674  0.00018285  0.08332978]
  evals_V_3d: shape=(3,), dtype=float64
    values = [-613.53041508    1.57202053   28.84911058]
  evecs_EJ_3d: shape=(3, 3), dtype=float64
    values = [[ 0.00392301  0.00646161 -0.99997143]
 [-0.99751542  0.07036346 -0.0034587 ]
 [ 0.0703391   0.99750049  0.00672159]]
  gate_detail: shape=(1,), dtype=<U224
    values = ['3D Hessian evals=[-8.4637e-02,1.8285e-04,8.3330e-02], Morse_idx=1. 2D sub-block evals=[-8.4217e-02,8.3326e-02]. S57 2D ref: [-8.5571e-02,8.4072e-02]. delta_1 direction: d2E/dd1^2=-2.3304e-04. SADDLE persists (Morse index 1).']
  gate_name: shape=(1,), dtype=<U18
    values = ['EJ-3D-LANDSCAPE-58']
  gate_verdict: shape=(1,), dtype=<U4
    values = ['PASS']
  morse_index: shape=(1,), dtype=int64
    values = [1]
  sig_range: shape=(21,), dtype=float64
    values = [-0.01  -0.009 -0.008 -0.007 -0.006 -0.005 -0.004 -0.003 -0.002 -0.001
  0.     0.001  0.002  0.003  0.004  0.005  0.006  0.007  0.008  0.009
  0.01 ]
  tau_range: shape=(21,), dtype=float64
    values = [0.1515 0.1565 0.1615 0.1665 0.1715 0.1765 0.1815 0.1865 0.1915 0.1965
 0.2015 0.2065 0.2115 0.2165 0.2215 0.2265 0.2315 0.2365 0.2415 0.2465
 0.2515]