eps_fold: [-1.18413693e-16  1.77061960e-01  3.29405571e-01  5.22910373e-01
  7.26154925e-01  1.00439566e+00  1.07857332e+00  1.17000260e+00]
V_fold shape: (8, 8)
V_fold:
[[2.55029469e-02 5.71528401e-02 2.36557529e-02 4.94275038e-02
  7.99132568e-02 1.21356033e-02 1.98259799e-02 1.90527397e-02]
 [5.71528401e-02 3.10831132e-02 5.16167125e-02 1.58863778e-02
  7.99132568e-02 6.28545218e-03 2.65373586e-02 1.81915121e-02]
 [2.36557529e-02 5.16167125e-02 5.28038441e-02 2.76627341e-02
  7.99132568e-02 2.31225074e-02 1.22790143e-02 1.56128013e-02]
 [4.94275038e-02 1.58863778e-02 2.76627341e-02 6.27624279e-02
  7.99132568e-02 2.64755344e-02 9.37674441e-03 1.51620441e-02]
 [7.99132568e-02 7.99132568e-02 7.99132568e-02 7.99132568e-02
  3.44089579e-29 2.49859729e-30 5.77644524e-30 3.73320940e-30]
 [1.21356033e-02 6.28545218e-03 2.31225074e-02 2.64755344e-02
  2.49859729e-30 6.79853670e-02 7.33457555e-03 7.37890228e-02]
 [1.98259799e-02 2.65373586e-02 1.22790143e-02 9.37674441e-03
  5.77644524e-30 7.33457555e-03 6.81386667e-02 7.36357230e-02]
 [1.90527397e-02 1.81915121e-02 1.56128013e-02 1.51620441e-02
  3.73320940e-30 7.37890228e-02 7.36357230e-02 1.68421951e-03]]
E_J_fold: 3.3969052304274308
E_J_tau0: 10.028549719907422
eps_tau0: [8.03099846e-17 3.47836212e-01 6.85357623e-01 1.05222020e+00
 1.43571217e+00 2.06549269e+00 2.19833105e+00 2.39702219e+00]
tau_fold_actual: 0.19387755102040816
