=== Sector band edges vs tau ===
tau_values: [0.   0.05 0.1  0.15 0.19]

(0,0) singlet B1:
  omin: [0.8660254  0.84701983 0.83307386 0.82387268 0.81974111]
  omax: [0.8660254  0.88929159 0.91576201 0.94540954 0.97140762]
  bw: [8.54871729e-15 4.22717618e-02 8.26881532e-02 1.21536857e-01
 1.51666506e-01]

(1,0)+(0,1) fundamental B2:
  omin: [0.83333333 0.83154495 0.83145131 0.83315675 0.83589351]
  omax: [1.16666667 1.20325745 1.2439723  1.28881052 1.32766128]
  bw: [0.33333333 0.3717125  0.41252099 0.45565377 0.49176777]

(1,1) adjoint B3:
  omin: [0.8660254  0.86640167 0.86768151 0.87008908 0.87297503]
  omax: [1.44337567 1.49624325 1.55383274 1.61619485 1.6695682 ]
  bw: [0.57735027 0.62984158 0.68615123 0.74610577 0.79659316]

(2,0)+(0,2):
  omin: [1.01379376 0.99980711 0.98791317 0.97825875 0.97224632]
  omax: [1.48136574 1.52947093 1.58283488 1.64146244 1.69217096]

(3,0)+(0,3):
  omin: [1.32287566 1.3009148  1.28050746 1.26183355 1.24826413]
  omax: [1.80277564 1.86150425 1.92673756 1.99847401 2.06055989]
