=== s54_ed_sweep.npz ===
Keys: ['tau_values', 'E0', 'E0_lattV', 'E0_full', 'E0_full_lattV', 'V_KK_latt', 'V_eff', 'V_eff_lattV', 'E_cond_A', 'E_cond_B', 'dE0', 'd2E0', 'E0_second_deriv', 'dE0_lattV', 'd2E0_lattV', 'dV_KK', 'd2V_KK', 'dV_eff', 'd2V_eff', 'all_eigenvalues', 'all_eigenvalues_N1', 'all_eigenvalues_N1_lattV', 'eigenstates', 'eigenstates_lattV', 'pair_occupations', 'pair_occupations_lattV', 'E_sp_sweep', 'strutinsky_shell', 'strutinsky_full', 'strutinsky_smooth', 'strutinsky_gamma', 'V_cell', 'V_eig_norms', 'V_bare_cont', 'gate_name', 'gate_verdict', 'gate_detail', 'N_modes', 'N_pair', 'fold_idx']
  E0: shape=(50,), dtype=float64
    values=[-0.00954291 -0.00995854 -0.01039161 -0.01084263 -0.01131209 -0.01180043
 -0.01230804 -0.01283522 -0.01338224 -0.01394923 -0.01453621 -0.01514307
 -0.01576954 -0.01641515 -0.01707924 -0.0177609  -0.01845894 -0.0191719
 -0.019898   -0.0206351  -0.02138072 -0.022132   -0.02288569 -0.0236382
 -0.02438555 -0.02512344 -0.02584729 -0.02655231 -0.02723353 -0.02788596
 -0.02850467 -0.02908303 -0.02961601 -0.03010144 -0.03053602 -0.03091725
 -0.03124362 -0.03151477 -0.0317316  -0.03206308 -0.03257728 -0.03306901
 -0.03354136 -0.03399485 -0.03486607 -0.03577948 -0.03665487 -0.03737353
 -0.03792103 -0.0384171 ]
  E0_full: shape=(50,), dtype=float64
    values=[-0.00954291 -0.00995854 -0.01039161 -0.01084263 -0.01131209 -0.01180043
 -0.01230804 -0.01283522 -0.01338224 -0.01394923 -0.01453621 -0.01514307
 -0.01576954 -0.01641515 -0.01707924 -0.0177609  -0.01845894 -0.0191719
 -0.019898   -0.0206351  -0.02138072 -0.022132   -0.02288569 -0.0236382
 -0.02438555 -0.02512344 -0.02584729 -0.02655231 -0.02723353 -0.02788596
 -0.02850467 -0.02908303 -0.02961601 -0.03010144 -0.03053602 -0.03091725
 -0.03124362 -0.03151477 -0.0317316  -0.03206308 -0.03257728 -0.03306901
 -0.03354136 -0.03399485 -0.03486607 -0.03577948 -0.03665487 -0.03737353
 -0.03792103 -0.0384171 ]
  E0_full_lattV: shape=(50,), dtype=float64
    values=[-0.00193489 -0.00201021 -0.00208808 -0.00216851 -0.00225153 -0.00233717
 -0.00242544 -0.00251632 -0.00260981 -0.00270588 -0.00280447 -0.00290553
 -0.00300895 -0.00311461 -0.00322236 -0.00333202 -0.00344334 -0.00355608
 -0.00366998 -0.00378476 -0.00390017 -0.00401594 -0.00413181 -0.00424747
 -0.00436259 -0.00447678 -0.00458961 -0.00470062 -0.00480932 -0.00491522
 -0.00501779 -0.00511653 -0.0052109  -0.00530044 -0.00538468 -0.00546319
 -0.00553556 -0.00560129 -0.00565963 -0.0057089  -0.00574557 -0.00576677
 -0.00578495 -0.00581132 -0.00583742 -0.00585936 -0.00589359 -0.00595491
 -0.00595801 -0.00595157]
  E0_lattV: shape=(50,), dtype=float64
    values=[-0.00193489 -0.00201021 -0.00208808 -0.00216851 -0.00225153 -0.00233717
 -0.00242544 -0.00251632 -0.00260981 -0.00270588 -0.00280447 -0.00290553
 -0.00300895 -0.00311461 -0.00322236 -0.00333202 -0.00344334 -0.00355608
 -0.00366998 -0.00378476 -0.00390017 -0.00401594 -0.00413181 -0.00424747
 -0.00436259 -0.00447678 -0.00458961 -0.00470062 -0.00480932 -0.00491522
 -0.00501779 -0.00511653 -0.0052109  -0.00530044 -0.00538468 -0.00546319
 -0.00553556 -0.00560129 -0.00565963 -0.0057089  -0.00574557 -0.00576677
 -0.00578495 -0.00581132 -0.00583742 -0.00585936 -0.00589359 -0.00595491
 -0.00595801 -0.00595157]
  E0_second_deriv: shape=(50,), dtype=float64
    values=[-0.08375752 -0.12686608 -0.17236044 -0.17696008 -0.1811633  -0.18485729
 -0.18791304 -0.19018422 -0.19150641 -0.19169666 -0.19055361 -0.18785835
 -0.1833761  -0.17685911 -0.16805076 -0.1566913  -0.14252527 -0.12531103
 -0.10483258 -0.08091379 -0.05343475 -0.02234961  0.01229488  0.05034106
  0.09150313  0.13535178  0.1813019   0.22860433  0.27634253  0.32792762
  0.38367796  0.42896921  0.45936109  0.48645838  0.51003786  0.52410201
  0.52727275  0.11813677 -0.8588251  -1.09871755 -0.28426626  0.19228932
 -0.86589764 -2.061973   -1.11425425  0.45759854  1.25485311  1.32169144
  0.65788436  0.24691785]
  E_cond_A: shape=(50,), dtype=float64
    values=[-0.00193489 -0.00201021 -0.00208808 -0.00216851 -0.00225153 -0.00233717
 -0.00242544 -0.00251632 -0.00260981 -0.00270588 -0.00280447 -0.00290553
 -0.00300895 -0.00311461 -0.00322236 -0.00333202 -0.00344334 -0.00355608
 -0.00366998 -0.00378476 -0.00390017 -0.00401594 -0.00413181 -0.00424747
 -0.00436259 -0.00447678 -0.00458961 -0.00470062 -0.00480932 -0.00491522
 -0.00501779 -0.00511653 -0.0052109  -0.00530044 -0.00538468 -0.00546319
 -0.00553556 -0.00560129 -0.00565963 -0.0057089  -0.00574557 -0.00576677
 -0.00578495 -0.00581132 -0.00583742 -0.00585936 -0.00589359 -0.00595491
 -0.00595801 -0.00595157]
  E_cond_B: shape=(50,), dtype=float64
    values=[-0.00954291 -0.00995854 -0.01039161 -0.01084263 -0.01131209 -0.01180043
 -0.01230804 -0.01283522 -0.01338224 -0.01394923 -0.01453621 -0.01514307
 -0.01576954 -0.01641515 -0.01707924 -0.0177609  -0.01845894 -0.0191719
 -0.019898   -0.0206351  -0.02138072 -0.022132   -0.02288569 -0.0236382
 -0.02438555 -0.02512344 -0.02584729 -0.02655231 -0.02723353 -0.02788596
 -0.02850467 -0.02908303 -0.02961601 -0.03010144 -0.03053602 -0.03091725
 -0.03124362 -0.03151477 -0.0317316  -0.03206308 -0.03257728 -0.03306901
 -0.03354136 -0.03399485 -0.03486607 -0.03577948 -0.03665487 -0.03737353
 -0.03792103 -0.0384171 ]
  E_sp_sweep: shape=(50, 8), dtype=float64
    first 10=[8.03099846e-17 3.47836212e-01 6.85357623e-01 1.05222020e+00
 1.43571217e+00 2.06549269e+00 2.19833105e+00 2.39702219e+00
 1.67276889e-15 3.34569818e-01]
    last 5=[0.34586721 0.39665474 0.50915333 0.62496427 0.67138089]
  N_modes: shape=(), dtype=int64
    value=8
  N_pair: shape=(), dtype=int64
    value=1
  V_KK_latt: shape=(50,), dtype=float64
    values=[202.51843779 194.554006   186.91316151 179.58335199 172.55255033
 165.80923508 159.34237183 153.14139541 147.19619293 141.49708757
 136.03482316 130.80054953 125.78580855 120.98252086 116.38297332
 111.97980711 107.76600645 103.73488802  99.88009092  96.1955673
  92.67557357  89.31466215  86.10767391  83.04973103  80.13623054
  77.3628384   74.72548409  72.22035579  69.84389611  67.59279837
  65.46400345  63.45469715  61.56230817  59.78450668  58.11920336
  56.56454914  55.11893551  53.78099538  52.5496047   51.42388457
  50.40320414  49.48718413  48.67570104  47.96889218  47.36716139
  46.87118554  46.48192191  46.20061638  46.02881257  45.96836184]
  V_bare_cont: shape=(8, 8), dtype=float64
    first 10=[0.02550295 0.05715284 0.02365575 0.0494275  0.07991326 0.0121356
 0.01982598 0.01905274 0.05715284 0.03108311]
    last 5=[1.51620441e-02 3.72435169e-30 7.37890228e-02 7.36357230e-02
 1.68421951e-03]
  V_cell: shape=(32, 32), dtype=float64
    first 10=[0.         0.07991326 0.07991326 0.01       0.         0.
 0.         0.         0.         0.        ]
    last 5=[0.   0.   0.02 0.   0.  ]
  V_eff: shape=(50,), dtype=float64
    values=[202.50889488 194.54404747 186.9027699  179.57250936 172.54123823
 165.79743464 159.33006379 153.12856019 147.18281069 141.48313834
 136.02028695 130.78540646 125.77003901 120.96610571 116.36589408
 111.96204621 107.74754751 103.71571612  99.86019292  96.1749322
  92.65419285  89.29253016  86.08478822  83.02609282  80.11184499
  77.33771496  74.69963679  72.19380348  69.81666258  67.56491241
  65.43549878  63.42561411  61.53269217  59.75440524  58.08866734
  56.5336319   55.08769189  53.74948061  52.5178731   51.39182149
  50.37062686  49.45411512  48.64215968  47.93489734  47.33229532
  46.83540606  46.44526704  46.16324285  45.99089154  45.92994474]
  V_eff_lattV: shape=(50,), dtype=float64
    values=[202.5165029  194.55199579 186.91107343 179.58118348 172.5502988
 165.8068979  159.33994639 153.13887909 147.19358312 141.49438169
 136.03201868 130.797644   125.7827996  120.97940625 116.37975096
 111.97647509 107.76256311 103.73133193  99.87642094  96.19178254
  92.6716734   89.31064621  86.1035421   83.04548355  80.13186795
  77.35836162  74.72089448  72.21565517  69.83908679  67.58788315
  65.45898565  63.44958062  61.55709727  59.77920624  58.11381868
  56.55908595  55.11339995  53.77539409  52.54394507  51.41817567
  50.39745857  49.48141735  48.66991609  47.96308086  47.36132397
  46.86532618  46.47602832  46.19466147  46.02285456  45.96241027]
  V_eig_norms: shape=(50,), dtype=float64
    values=[0.56643965 0.56643628 0.56643247 0.56642818 0.56642335 0.5664179
 0.56641177 0.56640488 0.56639711 0.56638837 0.56637853 0.56636743
 0.56635493 0.56634082 0.5663249  0.56630693 0.56628661 0.56626365
 0.56623768 0.56620829 0.56617504 0.56613742 0.56609487 0.56604677
 0.56599244 0.56593116 0.56586217 0.56578466 0.5656978  0.56560078
 0.56549275 0.5653729  0.56524033 0.56509393 0.56493186 0.56475055
 0.56454193 0.56428667 0.56393549 0.56335499 0.56218276 0.55975618
 0.55642595 0.55374371 0.55175688 0.55001699 0.54829054 0.54647517
 0.54452164 0.54240347]
  all_eigenvalues: shape=(50, 256), dtype=float64
    first 10=[-0.00954291  0.          0.68310462  0.6934091   1.36095966  1.36996338
  2.05263932  2.06247237  2.08965332  2.09927397]
    last 5=[5.34800495 5.44001279 5.45681927 5.64955977 5.67015639]
  all_eigenvalues_N1: shape=(50, 8), dtype=float64
    first 10=[-0.00954291  0.6934091   1.36996338  2.09927397  2.88787444  4.12270096
  4.38541141  4.81485391 -0.00995854  0.66679795]
    last 5=[0.66803733 0.84929336 1.0049239  1.21894368 1.39367012]
  all_eigenvalues_N1_lattV: shape=(50, 8), dtype=float64
    first 10=[-1.93488542e-03  6.93147584e-01  1.36808720e+00  2.10688585e+00
  2.87338530e+00  4.13154927e+00  4.39675568e+00  4.79606826e+00
 -2.01021294e-03  6.66513890e-01]
    last 5=[0.6934509  0.79586652 1.02225264 1.25266456 1.34783141]
  d2E0: shape=(50,), dtype=float64
    values=[-0.08375752 -0.12686608 -0.17236044 -0.17696008 -0.1811633  -0.18485729
 -0.18791304 -0.19018422 -0.19150641 -0.19169666 -0.19055361 -0.18785835
 -0.1833761  -0.17685911 -0.16805076 -0.1566913  -0.14252527 -0.12531103
 -0.10483258 -0.08091379 -0.05343475 -0.02234961  0.01229488  0.05034106
  0.09150313  0.13535178  0.1813019   0.22860433  0.27634253  0.32792762
  0.38367796  0.42896921  0.45936109  0.48645838  0.51003786  0.52410201
  0.52727275  0.11813677 -0.8588251  -1.09871755 -0.28426626  0.19228932
 -0.86589764 -2.061973   -1.11425425  0.45759854  1.25485311  1.32169144
  0.65788436  0.24691785]
  d2E0_lattV: shape=(50,), dtype=float64
    values=[-0.01217209 -0.01833946 -0.02465265 -0.02490771 -0.02508341 -0.02516649
 -0.02514179 -0.0249917  -0.0246954  -0.02422791 -0.02355904 -0.02265319
 -0.02147108 -0.01997623 -0.01814819 -0.01600197 -0.01360436 -0.01106891
 -0.00851493 -0.00600299 -0.00349133 -0.00085219  0.0020618   0.00535196
  0.00904842  0.0131238   0.01752035  0.02216973  0.02699993  0.03193324
  0.03688158  0.0417452   0.04642077  0.0508293   0.05498629  0.05917241
  0.06435781  0.07322242  0.09153827  0.11941159  0.11181107  0.0319851
 -0.03144047 -0.00836878 -0.00888351 -0.11406825 -0.01978915  0.23742011
  0.18558712  0.04582597]
  d2V_KK: shape=(50,), dtype=float64
    values=[1553.86616257 2300.66114378 2988.44090535 2872.88557542 2762.18885935
 2656.1716747  2554.66305786 2457.49989982 2364.52669632 2275.59531213
 2190.56475898 2109.30098703 2031.6766895  1957.57112034 1886.86992469
 1819.46498197 1755.25426152 1694.14169057 1636.03703458 1580.85578985
 1528.51908837 1478.95361494 1432.09153662 1387.87044455 1346.23330824
 1307.12844257 1270.50948752 1236.33540102 1204.57046496 1175.1843049
 1148.15192357 1123.45374872 1101.07569555 1081.00924444 1063.25153416
 1047.80547141 1034.67985715 1023.88953039 1015.4555302  1009.40527677
 1005.77277223 1004.5988223  1005.93127964 1009.82531002 1016.34368252
 1025.55708474 1037.54446472 1052.39340058  797.63114351  534.7175309 ]
  d2V_eff: shape=(50,), dtype=float64
    values=[1553.78240505 2300.5342777  2988.26854491 2872.70861534 2762.00769605
 2655.98681741 2554.47514482 2457.3097156  2364.33518991 2275.40361547
 2190.37420537 2109.11312868 2031.4933134  1957.39426123 1886.70187393
 1819.30829067 1755.11173626 1694.01637955 1635.932202   1580.77487606
 1528.46565362 1478.93126533 1432.1038315  1387.92078561 1346.32481137
 1307.26379435 1270.69078943 1236.56400535 1204.84680749 1175.51223252
 1148.53560153 1123.88271793 1101.53505664 1081.49570282 1063.76157202
 1048.32957343 1035.2071299  1024.00766715 1014.5967051  1008.30655921
 1005.48850597 1004.79111162 1005.065382   1007.76333702 1015.22942826
 1026.01468328 1038.79931784 1053.71509202  798.28902787  534.96444875]
  dE0: shape=(50,), dtype=float64
    values=[-0.04073166 -0.04158633 -0.04332076 -0.04510389 -0.04693219 -0.0488011
 -0.05070479 -0.05263606 -0.0545861  -0.05654435 -0.05849828 -0.0604332
 -0.06233212 -0.06417557 -0.06594149 -0.06760518 -0.06913927 -0.07051386
 -0.07169664 -0.0726533  -0.07334794 -0.0737438  -0.07380406 -0.07349289
 -0.07277669 -0.07162547 -0.07001441 -0.06792544 -0.06534901 -0.06228579
 -0.05865661 -0.05445563 -0.04990214 -0.04508091 -0.03997442 -0.03467198
 -0.02927846 -0.02391131 -0.0268675  -0.04143835 -0.04929031 -0.0472397
 -0.04536604 -0.06491108 -0.08744712 -0.08765097 -0.07810837 -0.06204172
 -0.05113508 -0.04861551]
  dE0_lattV: shape=(50,), dtype=float64
    values=[-0.0073821  -0.0075063  -0.00775637 -0.00800942 -0.00826469 -0.00852132
 -0.00877829 -0.00903442 -0.00928833 -0.00953841 -0.00978278 -0.01001921
 -0.01024509 -0.01045739 -0.01065276 -0.01082776 -0.01097933 -0.0111054
 -0.01120523 -0.01127918 -0.01132774 -0.01135043 -0.01134513 -0.01130835
 -0.01123591 -0.01112369 -0.01096808 -0.01076613 -0.01051563 -0.01021511
 -0.00986393 -0.00946243 -0.00901199 -0.00851506 -0.00797466 -0.00739289
 -0.00676706 -0.00607947 -0.00527272 -0.00421134 -0.00283575 -0.00192948
 -0.00218299 -0.00257113 -0.00235379 -0.00275242 -0.00468171 -0.00315628
  0.0001636   0.00063121]
  dV_KK: shape=(50,), dtype=float64
    values=[-780.51431491 -764.65853774 -733.56204667 -703.66994783 -674.9317288
 -647.29874662 -620.7241436  -595.16276585 -570.57108442 -546.90711898
 -524.13036377 -502.20171574 -481.08340485 -460.73892616 -441.13297382
 -422.23137667 -404.00103541 -386.40986113 -369.4267152  -353.02135022
 -337.16435214 -321.82708311 -306.9816253  -292.60072522 -278.65773868
 -265.12657608 -251.98164801 -239.19781102 -226.7503133  -214.61474031
 -202.76696014 -191.1830684  -179.83933261 -168.71213584 -157.77791946
 -147.01312494 -136.39413433 -125.89720949 -115.49842963 -105.17362724
  -94.89832194  -84.64765229  -74.39630516  -64.1184425   -53.78762536
  -43.3767347   -32.85788894  -22.20235787  -11.3804726    -5.92417127]
  dV_eff: shape=(50,), dtype=float64
    values=[-780.55504656 -764.70012406 -733.60536743 -703.71505172 -674.97866099
 -647.34754772 -620.77484839 -595.2154019  -570.62567052 -546.96366334
 -524.18886204 -502.26214894 -481.14573697 -460.80310173 -441.19891531
 -422.29898185 -404.07017468 -386.48037499 -369.49841184 -353.09400352
 -337.23770008 -321.90082692 -307.05542936 -292.67421811 -278.73051537
 -265.19820155 -252.05166242 -239.26573646 -226.81566231 -214.6770261
 -202.82561675 -191.23752403 -179.88923475 -168.75721675 -157.81789388
 -147.04779692 -136.42341279 -125.9211208  -115.52529713 -105.21506559
  -94.94761225  -84.694892    -74.4416712   -64.18335359  -53.87507248
  -43.46438567  -32.93599731  -22.26439959  -11.43160768   -5.97278677]
  eigenstates: shape=(50, 8), dtype=float64
    first 10=[0.99511634 0.08678563 0.02278187 0.02550115 0.03134946 0.00342917
 0.00519998 0.00456258 0.99469246 0.09038164]
    last 5=[0.09131932 0.1388272  0.0194235  0.02344914 0.02143771]
  eigenstates_lattV: shape=(50, 8), dtype=float64
    first 10=[ 9.99472342e-01  5.55111512e-17  2.70272610e-02 -1.56246287e-02
  9.07332098e-19  2.72540837e-17 -5.72380079e-03  6.90467572e-03
  9.99430525e-01 -7.97972799e-17]
    last 5=[-5.19278916e-02 -5.54676624e-02  6.43663772e-17  6.98182342e-19
  8.88192264e-03]
  fold_idx: shape=(), dtype=int64
    value=19
  gate_detail: shape=(1,), dtype=<U118
    values=['V_eff_mins_A=0,V_eff_mins_B=0,d2E0_B_fold=-0.080914,d2V_KK_fold=1580.86,grad_ratio_B=0.000206,continuum_threshold=63.2']
  gate_name: shape=(1,), dtype=<U11
    values=['ED-SWEEP-54']
  gate_verdict: shape=(1,), dtype=<U4
    values=['FAIL']
  pair_occupations: shape=(50, 8), dtype=float64
    first 10=[9.90256528e-01 7.53174545e-03 5.19013541e-04 6.50308473e-04
 9.82788537e-04 1.17591850e-05 2.70398314e-05 2.08170999e-05
 9.89413088e-01 8.16884088e-03]
    last 5=[0.00833922 0.01927299 0.00037727 0.00054986 0.00045958]
  pair_occupations_lattV: shape=(50, 8), dtype=float64
    first 10=[9.98944962e-01 3.08148791e-33 7.30472835e-04 2.44129021e-04
 8.23251536e-37 7.42785079e-34 3.27618955e-05 4.76745468e-05
 9.98861375e-01 6.36760588e-33]
    last 5=[2.69650592e-03 3.07666157e-03 4.14303052e-33 4.87458582e-37
 7.88885497e-05]
  strutinsky_full: shape=(50,), dtype=float64
    values=[0.37567625 0.38910031 0.40217797 0.4149621  0.42750404 0.43985309
 0.452056   0.4641566  0.47728486 0.48911337 0.50156596 0.51331562
 0.52533674 0.53710186 0.54868182 0.56014587 0.57156196 0.5819871
 0.59334268 0.60343654 0.61338435 0.6232799  0.63320263 0.64321725
 0.65337436 0.66110309 0.67152237 0.67924647 0.68693689 0.69463632
 0.70237841 0.71019032 0.71431603 0.72220117 0.72613828 0.73413801
 0.73792713 0.74153006 0.7493843  0.752135   0.75354649 0.75730293
 0.76193673 0.76300654 0.76657909 0.76917869 0.77135906 0.7734933
 0.77076554 0.77318814]
  strutinsky_gamma: shape=(), dtype=float64
    value=0.4
  strutinsky_shell: shape=(50,), dtype=float64
    values=[0.38521916 0.39905885 0.41256958 0.42580473 0.43881613 0.45165352
 0.46436404 0.47699182 0.4906671  0.50306259 0.51610216 0.52845869
 0.54110627 0.55351702 0.56576107 0.57790677 0.5900209  0.601159
 0.61324068 0.62407164 0.63476507 0.6454119  0.65608833 0.66685545
 0.6777599  0.68622653 0.69736966 0.70579877 0.71417042 0.72252228
 0.73088308 0.73927335 0.74393203 0.75230261 0.7566743  0.76505526
 0.76917075 0.77304483 0.7811159  0.78419808 0.78612378 0.79037194
 0.79547809 0.79700138 0.80144516 0.80495817 0.80801393 0.81086683
 0.80868657 0.81160525]
  strutinsky_smooth: shape=(50,), dtype=float64
    values=[-0.38521916 -0.39905885 -0.41256958 -0.42580473 -0.43881613 -0.45165352
 -0.46436404 -0.47699182 -0.4906671  -0.50306259 -0.51610216 -0.52845869
 -0.54110627 -0.55351702 -0.56576107 -0.57790677 -0.5900209  -0.601159
 -0.61324068 -0.62407164 -0.63476507 -0.6454119  -0.65608833 -0.66685545
 -0.6777599  -0.68622653 -0.69736966 -0.70579877 -0.71417042 -0.72252228
 -0.73088308 -0.73927335 -0.74393203 -0.75230261 -0.7566743  -0.76505526
 -0.76917075 -0.77304483 -0.7811159  -0.78419808 -0.78612378 -0.79037194
 -0.79547809 -0.79700138 -0.80144516 -0.80495817 -0.80801393 -0.81086683
 -0.80868657 -0.81160525]
  tau_values: shape=(50,), dtype=float64
    values=[0.         0.01020408 0.02040816 0.03061224 0.04081633 0.05102041
 0.06122449 0.07142857 0.08163265 0.09183673 0.10204082 0.1122449
 0.12244898 0.13265306 0.14285714 0.15306122 0.16326531 0.17346939
 0.18367347 0.19387755 0.20408163 0.21428571 0.2244898  0.23469388
 0.24489796 0.25510204 0.26530612 0.2755102  0.28571429 0.29591837
 0.30612245 0.31632653 0.32653061 0.33673469 0.34693878 0.35714286
 0.36734694 0.37755102 0.3877551  0.39795918 0.40816327 0.41836735
 0.42857143 0.43877551 0.44897959 0.45918367 0.46938776 0.47959184
 0.48979592 0.5       ]
DONE
