S41 keys: ['tau_values', 'cutoffs', 'tau_fold', 'clock_coeff', 'a0_cutoff0', 'a2_cutoff0', 'a4_cutoff0', 'a0_cutoff1', 'a2_cutoff1', 'a4_cutoff1', 'a0_cutoff2', 'a2_cutoff2', 'a4_cutoff2']
  tau_values: shape=(16,), dtype=float64
    values: [0.   0.05 0.1  0.15 0.16 0.17 0.18 0.19 0.2  0.21 0.22 0.25 0.3  0.35
 0.4  0.5 ]
  cutoffs: shape=(3,), dtype=float64
    values: [0.01 0.1  0.5 ]
  tau_fold: shape=(), dtype=float64
    values: 0.19
  clock_coeff: shape=(), dtype=float64
    values: -3.08
  a0_cutoff0: shape=(16,), dtype=float64
    values: [6440. 6440. 6440. 6440. 6440. 6440. 6440. 6440. 6440. 6440. 6440. 6440.
 6440. 6440. 6440. 6440.]
  a2_cutoff0: shape=(16,), dtype=float64
    values: [2860.22055199 2854.37243167 2836.80971268 2807.64794913 2800.44722222
 2792.79743599 2784.70219592 2776.16538886 2767.19117833 2757.7839994
 2747.94855333 2715.92349402 2654.49451193 2583.69972279 2504.45701625
 2324.75511672]
  a4_cutoff0: shape=(16,), dtype=float64
    values: [1409.0010548  1404.97467031 1392.8351113  1372.60812635 1367.60561611
 1362.28867536 1356.65977754 1350.72164152 1344.47722854 1337.92973897
 1331.08260856 1308.78117339 1266.00497701 1216.76563413 1161.79409918
 1038.02670632]
  a0_cutoff1: shape=(16,), dtype=float64
    values: [6440. 6440. 6440. 6440. 6440. 6440. 6440. 6440. 6440. 6440. 6440. 6440.
 6440. 6440. 6440. 6440.]
  a2_cutoff1: shape=(16,), dtype=float64
    values: [2860.22055199 2854.37243167 2836.80971268 2807.64794913 2800.44722222
 2792.79743599 2784.70219592 2776.16538886 2767.19117833 2757.7839994
 2747.94855333 2715.92349402 2654.49451193 2583.69972279 2504.45701625
 2324.75511672]
  a4_cutoff1: shape=(16,), dtype=float64
    values: [1409.0010548  1404.97467031 1392.8351113  1372.60812635 1367.60561611
 1362.28867536 1356.65977754 1350.72164152 1344.47722854 1337.92973897
 1331.08260856 1308.78117339 1266.00497701 1216.76563413 1161.79409918
 1038.02670632]
  a0_cutoff2: shape=(16,), dtype=float64
    values: [6440. 6440. 6440. 6440. 6440. 6440. 6440. 6440. 6440. 6440. 6440. 6440.
 6440. 6440. 6440. 6440.]
  a2_cutoff2: shape=(16,), dtype=float64
    values: [2860.22055199 2854.37243167 2836.80971268 2807.64794913 2800.44722222
 2792.79743599 2784.70219592 2776.16538886 2767.19117833 2757.7839994
 2747.94855333 2715.92349402 2654.49451193 2583.69972279 2504.45701625
 2324.75511672]
  a4_cutoff2: shape=(16,), dtype=float64
    values: [1409.0010548  1404.97467031 1392.8351113  1372.60812635 1367.60561611
 1362.28867536 1356.65977754 1350.72164152 1344.47722854 1337.92973897
 1331.08260856 1308.78117339 1266.00497701 1216.76563413 1161.79409918
 1038.02670632]
